1;4vfe;6;13;8;-10.2634677612;12.738872553;1;4vfe;6;13;8;-10.2634677612;12.738872553;C;-68.489840;-46.422473;85.772567
1;4vfe;6;13;8;-10.2634677612;12.738872553;O;60.681269;-38.876192;-13.890082
1;4vfe;6;13;8;-10.2634677612;12.738872553;H;-23.142441;-54.587545;-51.642865
1;4vfe;6;13;8;-10.2634677612;12.738872553;F;-96.441502;60.339863;-26.370274
1;4vfe;6;13;8;-10.2634677612;12.738872553;O;39.986752;79.167544;-59.769712
1;4vfe;6;13;8;-10.2634677612;12.738872553;H;-72.621981;95.117885;-70.197058
1;4vfe;6;13;8;-10.2634677612;12.738872553;C;72.830754;-46.560777;-45.480828
1;4vfe;6;13;8;-10.2634677612;12.738872553;N;62.411625;-58.175704;52.251743
1;4vfe;6;13;8;-10.2634677612;12.738872553;F;-18.562859;-17.606623;79.326253
1;4vfe;6;13;8;-10.2634677612;12.738872553;F;0.201683;-10.416338;-78.806350
1;4vfe;6;13;8;-10.2634677612;12.738872553;O;-30.836550;93.268032;81.788351